Info) VMD for MACOSXX86, version 1.9.1beta1 (December 29, 2011)
Info) http://www.ks.uiuc.edu/Research/vmd/                         
Info) Email questions and bug reports to vmd@ks.uiuc.edu           
Info) Please include this reference in published work using VMD:   
Info)    Humphrey, W., Dalke, A. and Schulten, K., `VMD - Visual   
Info)    Molecular Dynamics', J. Molec. Graphics 1996, 14.1, 33-38.
Info) -------------------------------------------------------------
Info) Multithreading available, 4 CPUs detected.
Warning) Detected a mismatch between CUDA runtime and GPU driver
Warning) Check to make sure that GPU drivers are up to date.
Info) No CUDA accelerator devices available.
Info) Dynamically loaded 2 plugins in directory:
Info) /Applications/VMD 1.9.1.app/Contents/vmd/plugins/MACOSXX86/molfile
{/Applications/VMD 1.9.1.app/Contents/vmd/scripts/tcl8.5} {/Applications/VMD 1.9.1.app/Contents/vmd/scripts} {/Applications/VMD 1.9.1.app/Contents/Resources/VMD.app/Contents/lib} /Applications/VMD 1.9.1.app/Contents/vmd/../Frameworks/Tcl.framework/Versions/8.5/Resources/Scripts ~/Library/Tcl /Library/Tcl /Network/Library/Tcl /System/Library/Tcl ~/Library/Frameworks /Library/Frameworks /Network/Library/Frameworks /System/Library/Frameworks {/Applications/VMD 1.9.1.app/Contents/vmd/scripts/vmd} {/Applications/VMD 1.9.1.app/Contents/vmd/plugins/MACOSXX86/tcl} {/Applications/VMD 1.9.1.app/Contents/vmd/plugins/noarch/tcl} /Users/jbardhan/software/vmd/la1.0
{/Applications/VMD 1.9.1.app/Contents/vmd/scripts/tcl8.5} {/Applications/VMD 1.9.1.app/Contents/vmd/scripts} {/Applications/VMD 1.9.1.app/Contents/Resources/VMD.app/Contents/lib} /Applications/VMD 1.9.1.app/Contents/vmd/../Frameworks/Tcl.framework/Versions/8.5/Resources/Scripts ~/Library/Tcl /Library/Tcl /Network/Library/Tcl /System/Library/Tcl ~/Library/Frameworks /Library/Frameworks /Network/Library/Frameworks /System/Library/Frameworks {/Applications/VMD 1.9.1.app/Contents/vmd/scripts/vmd} {/Applications/VMD 1.9.1.app/Contents/vmd/plugins/MACOSXX86/tcl} {/Applications/VMD 1.9.1.app/Contents/vmd/plugins/noarch/tcl} /Users/jbardhan/software/vmd/la1.0 /Users/jbardhan/software/vmd/orient
Info) Using plugin pdb for structure file tyr.pdb
Info) Using plugin pdb for coordinates from file tyr.pdb
Info) Determining bond structure from distance search ...
Info) Analyzing structure ...
Info)    Atoms: 21
Info)    Bonds: 21
Info)    Angles: 0  Dihedrals: 0  Impropers: 0  Cross-terms: 0
Info)    Bondtypes: 0  Angletypes: 0  Dihedraltypes: 0  Impropertypes: 0
Info)    Residues: 1
Info)    Waters: 0
Info)    Segments: 1
Info)    Fragments: 1   Protein: 1   Nucleic: 0
Info) Finished with coordinate file tyr.pdb.
0
1.5.0
reading topology file /Users/jbardhan/Parameters/top_all27_prot_lipid_more.rtf

> CHARMM22 All-Hydrogen Topology File for Proteins and Lipids <<
>>>>>> Includes phi, psi cross term map (CMAP) correction <<<<<<
>>>>>>>>>>>>>>>>>>>>>>   July 2004    <<<<<<<<<<<<<<<<<<<<<<<<<<
 All comments to ADM jr. via the CHARMM web site: www.charmm.org
               parameter set discussion forum

Created by CHARMM version 31 1
cross-term entries present in topology definitions
reading topology file top_titr.inp

 Topology for different protonation states of residues
Created by CHARMM version 27 1
building segment A
reading residues from pdb file tyr.pdb
extracted 1 residues from pdb file
mutating residue 22 from TYR to JY2
setting patch for first residue to ACE
setting patch for last residue to CT3
Info: generating structure...
Info: skipping bond C-N at beginning of segment.
Info: skipping improper C-CA-N-O at beginning of segment.
Info: skipping improper N-C-CA-HN at beginning of segment.
Info: skipping cross-term C-N-CA-C-N-CA-C-N at beginning of segment.
Info: skipping conformation CA-C-N-CA at beginning of segment.
Info: skipping conformation N-CA-C-O at beginning of segment.
Info: skipping conformation N-CA-C-N at beginning of segment.
Info: skipping conformation C-N-CA-C at beginning of segment.
Info: skipping conformation C-CA-N-HN at beginning of segment.
Info: segment complete.
reading coordinates from pdb file tyr.pdb for segment A
Info: guessing coordinates for 12 atoms (5 non-hydrogen)
Warning: poorly guessed coordinates for 12 atoms (5 non-hydrogen):
Warning: poorly guessed coordinate for atom NT	 JY2:22	  A
Warning: poorly guessed coordinate for atom HNT	 JY2:22	  A
Warning: poorly guessed coordinate for atom CAT	 JY2:22	  A
Warning: poorly guessed coordinate for atom HT1	 JY2:22	  A
Warning: poorly guessed coordinate for atom HT2	 JY2:22	  A
Warning: poorly guessed coordinate for atom HT3	 JY2:22	  A
Warning: poorly guessed coordinate for atom CAY	 JY2:22	  A
Warning: poorly guessed coordinate for atom HY1	 JY2:22	  A
Warning: poorly guessed coordinate for atom HY2	 JY2:22	  A
Warning: poorly guessed coordinate for atom HY3	 JY2:22	  A
Warning: poorly guessed coordinate for atom CY	 JY2:22	  A
Warning: poorly guessed coordinate for atom OY	 JY2:22	  A
Info: writing psf file tyr_capped.psf
total of 33 atoms
total of 33 bonds
total of 55 angles
total of 73 dihedrals
total of 4 impropers
total of 0 cross-terms
Info: psf file complete.
Info: writing pdb file tyr_capped.pdb
Info: Atoms with guessed coordinates will have occupancy of 0.0.
Info: pdb file complete.
1.0
A:22 
A:22 
Info) Using plugin pdb for structure file tyr_capped.pdb
Info) Using plugin pdb for coordinates from file tyr_capped.pdb
Info) Determining bond structure from distance search ...
Info) Analyzing structure ...
Info)    Atoms: 33
Info)    Bonds: 39
Info)    Angles: 0  Dihedrals: 0  Impropers: 0  Cross-terms: 0
Info)    Bondtypes: 0  Angletypes: 0  Dihedraltypes: 0  Impropertypes: 0
Info)    Residues: 1
Info)    Waters: 0
Info)    Segments: 1
Info)    Fragments: 1   Protein: 1   Nucleic: 0
Info) Finished with coordinate file tyr_capped.pdb.
1
atomselect0
Calculating principal axes.
Getting the center-of-mass...
Total weight: 236.2670431137085
Computing the inertia tensor...
Drawing the principal components...
Total weight: 236.2670431137085
cone {-0.48946983630982444 1.1361608417351754 3.819351536655746} {-0.6392850833548872 1.6980558649263504 4.619617210066349} radius 0.24730999946594234
cone {-3.686529624222382 -2.22515091136202 0.689582094834909} {-4.635609818245584 -2.5035838264451433 0.7074054077903026} radius 0.24730999946594237
cone {1.0512619198858217 -4.171732615598098 2.9432936338883247} {1.2866296118896703 -4.936810956740241 3.5245448316070727} radius 0.24730999946594237
{-0.15144479334497576 0.5680067773286247 0.8089701944308255} {-0.959403376402803 -0.2814614407872609 0.01801717782730432} {0.23792779559269464 -0.7734001281734503 0.5875734897233634}
Total weight: 236.2670431137085
{0.9643419981002808 0.11590851843357086 -0.23792767524719238 0.2798458933830261} {0.11590853333473206 0.6232313513755798 0.7734001278877258 -0.9096582531929016} {0.23792767524719238 -0.7734001278877258 0.5875734686851501 -0.6306954026222229} {0.0 0.0 0.0 1.0}
Calculating principal axes.
Getting the center-of-mass...
Total weight: 236.2670431137085
Computing the inertia tensor...
Drawing the principal components...
Total weight: 236.2670431137085
cone {1.611269946520409 -6.409042894790156 0.6182891553769712} {1.986639651085103 -7.733448826390605 0.6182892148785463} radius 0.34414327383041377
cone {5.407414854663396 0.39005964987037345 0.6182881835045222} {6.731820786263837 0.7654293544350566 0.6182880000379851} radius 0.34414327383041377
cone {0.10979176941634415 -1.1114187392879527 6.124581298657238} {0.10979192970502193 -1.111418632012851 7.5011543939788785} radius 0.34414327383041377
{0.2726841791695658 -0.9621036006743858 4.3224421097902664e-8} {0.9621036006743798 0.272684179169558 -1.3327772983943708e-7} {1.1644036798106905e-7 7.792909953821029e-8 0.9999999999999901}
Total weight: 236.2670431137085
{0.272684246301651 -0.9621036052703857 9.684794832764965e-8 -0.9894477128982544} {0.9621036052703857 0.272684246301651 -1.2811185001737613e-7 -0.9139830470085144} {9.684794832764965e-8 1.2811185001737613e-7 1.0 1.1920928955078125e-7} {0.0 0.0 0.0 1.0}
Calculating principal axes.
Getting the center-of-mass...
Total weight: 236.2670431137085
Computing the inertia tensor...
Drawing the principal components...
Total weight: 236.2670431137085
cone {5.616083433589947 -1.1114195275973742 0.6182885997946713} {6.992656528911597 -1.1114196176363191 0.618288532448945} radius 0.34414327383041377
cone {0.1097914124591241 4.394873213845017 0.6182888604155946} {0.1097915024980691 5.771446309166668 0.6182888582250992} radius 0.34414327383041393
cone {0.10979132168625004 -1.1114191586796298 6.124581250464192} {0.10979138903197652 -1.1114191564891387 7.501154345785845} radius 0.34414327383041377
{0.9999999999999967 -6.540803777100604e-8 -4.892273905591349e-8} {6.54080377560285e-8 0.9999999999999979 -1.5912671156765724e-9} {4.892273915999511e-8 1.5912639157362043e-9 0.9999999999999988}
{-1.851938247680664 -4.345865726470947 -5.072324752807617} {1.814264178276062 1.9687318801879883 4.760340213775635}
-1.851938247680664 -4.345865726470947 -5.072324752807617
1.814264178276062 1.9687318801879883 4.760340213775635
-0.018837034702301025
-1.1885669231414795
-0.1559922695159912
-0.018837034702301025 -1.1885669231414795 -0.1559922695159912
Info) Opened coordinate file tyr_capped.pdb for writing.
Info) Finished with coordinate file tyr_capped.pdb.
1.4
Info) generating solute plus one replica of water...
reading structure from psf file tyr_capped.psf
psf file does not contain cross-terms
reading coordinates from pdb file tyr_capped.pdb
reading structure from psf file /Applications/VMD 1.9.1.app/Contents/vmd/plugins/noarch/tcl/solvate1.4/wat.psf
psf file does not contain cross-terms
reading coordinates from pdb file /Applications/VMD 1.9.1.app/Contents/vmd/plugins/noarch/tcl/solvate1.4/wat.pdb
Info: writing psf file combine.psf
total of 27816 atoms
total of 18555 bonds
total of 18577 angles
total of 73 dihedrals
total of 4 impropers
total of 0 cross-terms
Info: psf file complete.
Info: writing pdb file combine.pdb
Info: pdb file complete.
Info) Using plugin psf for structure file combine.psf
psfplugin) no cross-terms defined in PSF file.
Info) Analyzing structure ...
Info)    Atoms: 27816
Info)    Bonds: 18555
Info)    Angles: 18577  Dihedrals: 73  Impropers: 4  Cross-terms: 0
Info)    Bondtypes: 0  Angletypes: 0  Dihedraltypes: 0  Impropertypes: 0
Info)    Residues: 9262
Info)    Waters: 9261
Info)    Segments: 2
Info)    Fragments: 9262   Protein: 1   Nucleic: 0
Info) Using plugin pdb for coordinates from file combine.pdb
Info) Finished with coordinate file combine.pdb.
Info) generating water residue lists...
Info) single water residue type, creating residue list...
Info) replicating 1 water segments, 1 by 1 by 1
reading topology file /Applications/VMD 1.9.1.app/Contents/vmd/plugins/noarch/tcl/solvate1.4/wat.top

>>>>>> Combined CHARMM All-Hydrogen Topology File for <<<<<<<<<
>>>>>>>>> CHARMM22 Proteins and CHARMM27 Lipids <<<<<<<<<<
from
>>>>>>>>CHARMM22 All-Hydrogen Topology File for Proteins <<<<<<
>>>>>>>>>>>>>>>>>>>>> August 1999 <<<<<<<<<<<<<<<<<<<<<<<<<<<<<
>>>>>>> Direct comments to Alexander D. MacKerell Jr. <<<<<<<<<
>>>>>> 410-706-7442 or email: alex,mmiris.ab.umd.edu  <<<<<<<<<
and
  \\\\\\\ CHARMM27 All-Hydrogen Lipid Topology File ///////
  \\\\\\\\\\\\\\\\\\ Developmental /////////////////////////
		Alexander D. MacKerell Jr.
			August 1999
 All comments to ADM jr.  email: alex,mmiris.ab.umd.edu
		telephone: 410-706-7442

Created by CHARMM version 27 1
building segment WT1
setting patch for first residue to NONE
setting patch for last residue to NONE
Info: generating structure...
Info: segment complete.
Info: writing psf file tyr_solvated.psf
total of 5898 atoms
total of 3943 bonds
total of 2010 angles
total of 73 dihedrals
total of 4 impropers
total of 0 cross-terms
Info: psf file complete.
Info: writing pdb file tyr_solvated.pdb
Info: pdb file complete.
clearing structure, preserving topology and aliases
Info) Using plugin psf for structure file tyr_solvated.psf
psfplugin) no cross-terms defined in PSF file.
Info) Analyzing structure ...
Info)    Atoms: 5898
Info)    Bonds: 3943
Info)    Angles: 2010  Dihedrals: 73  Impropers: 4  Cross-terms: 0
Info)    Bondtypes: 0  Angletypes: 0  Dihedraltypes: 0  Impropertypes: 0
Info)    Residues: 1956
Info)    Waters: 1955
Info)    Segments: 2
Info)    Fragments: 1956   Protein: 1   Nucleic: 0
Info) Using plugin pdb for coordinates from file tyr_solvated.pdb
Info) Finished with coordinate file tyr_solvated.pdb.
Info) Opened coordinate file tyr_solvated.pdb for writing.
Info) Finished with coordinate file tyr_solvated.pdb.
Info) Extra structure overlap safety check...
Info) Solvate 1.3 completed successfully.
Info) Using plugin pdb for structure file tyr_capped.pdb
Info) Using plugin pdb for coordinates from file tyr_capped.pdb
Info) Determining bond structure from distance search ...
Info) Analyzing structure ...
Info)    Atoms: 33
Info)    Bonds: 39
Info)    Angles: 0  Dihedrals: 0  Impropers: 0  Cross-terms: 0
Info)    Bondtypes: 0  Angletypes: 0  Dihedraltypes: 0  Impropertypes: 0
Info)    Residues: 1
Info)    Waters: 0
Info)    Segments: 1
Info)    Fragments: 1   Protein: 1   Nucleic: 0
Info) Finished with coordinate file tyr_capped.pdb.
4
atomselect6
Info) Using plugin pdb for structure file tyr_solvated.pdb
Info) Using plugin pdb for coordinates from file tyr_solvated.pdb
Info) Determining bond structure from distance search ...
Info) Analyzing structure ...
Info)    Atoms: 5898
Info)    Bonds: 3949
Info)    Angles: 0  Dihedrals: 0  Impropers: 0  Cross-terms: 0
Info)    Bondtypes: 0  Angletypes: 0  Dihedraltypes: 0  Impropertypes: 0
Info)    Residues: 1956
Info)    Waters: 1955
Info)    Segments: 2
Info)    Fragments: 1956   Protein: 1   Nucleic: 0
Info) Finished with coordinate file tyr_solvated.pdb.
5
atomselect7
atomselect8
Info) Opened coordinate file tyr_solvated.pdb for writing.
Info) Finished with coordinate file tyr_solvated.pdb.
file7
{-19.99799919128418 -19.94099998474121 -19.961000442504883} {19.974000930786133 20.0 19.974000930786133}
-19.99799919128418 -19.94099998474121 -19.961000442504883
19.974000930786133 20.0 19.974000930786133
Info) VMD for MACOSXX86, version 1.9.1beta1 (December 29, 2011)
Info) Exiting normally.
vmd > 